type	latitude	longitude	altitude (m)	name
T	51.073126000	3.736630000	4.7	GPS data
T	51.073026000	3.737594000	1.3	
T	51.061740000	3.738402000	5.7	
T	51.057507000	3.740038000	8.0	
T	51.057246000	3.738283000	7.2	
T	51.055576000	3.738881000	9.0	
T	51.049110000	3.738494000	8.3	
T	51.043496000	3.740634000	6.1	
T	51.043311000	3.740890000	3.6	
T	51.042025000	3.739681000	6.4	
T	51.040880000	3.742422000	8.6	
T	51.038075000	3.747977000	10.9	
T	51.034811000	3.754024000	9.4	
T	51.015449000	3.784490000	9.9	
T	51.003805000	3.799749000	10.3	
T	51.003441000	3.799009000	12.2	
T	51.002132000	3.797827000	11.9	
T	50.998174000	3.800267000	12.0	
T	50.995487000	3.801958000	11.1	
T	50.977668000	3.805167000	16.4	
T	50.971982000	3.810920000	29.6	
T	50.966707000	3.810891000	38.1	
T	50.958453000	3.811984000	50.9	
T	50.957346000	3.809582000	51.0	
T	50.954318000	3.809647000	46.9	
T	50.948938000	3.805013000	49.4	
T	50.946728000	3.808464000	54.0	
T	50.945544000	3.807526000	51.1	
T	50.945520000	3.806957000	49.0	
T	50.940581000	3.810934000	48.7	
T	50.938158000	3.806765000	38.9	
T	50.932924000	3.812622000	51.0	
T	50.929214000	3.805562000	49.7	
T	50.927642000	3.805036000	55.0	
T	50.927370000	3.804151000	51.5	
T	50.922507000	3.806302000	52.7	
T	50.917356000	3.808239000	56.3	
T	50.906547000	3.814589000	59.4	
T	50.904006000	3.817751000	65.9	
T	50.899105000	3.823069000	62.6	
T	50.898538000	3.828914000	66.3	
T	50.865902000	3.844533000	76.2	
T	50.864862000	3.844990000	72.5	
T	50.863296000	3.848528000	66.0	
T	50.860292000	3.857291000	58.0	
T	50.841777000	3.870503000	60.6	
T	50.794177000	3.873149000	31.7	
T	50.777750000	3.872254000	22.0	
T	50.777942000	3.875260000	19.0	
T	50.777075000	3.882503000	24.5	
T	50.773664000	3.882664000	33.7	
T	50.774105000	3.886709000	59.8	
T	50.773486000	3.887353000	64.7	
T	50.769945000	3.887009000	70.9	
T	50.769449000	3.889687000	86.0	
T	50.766835000	3.888968000	78.6	
T	50.766577000	3.889778000	76.8	
T	50.766539000	3.889747000	76.5	
T	50.763680000	3.893220000	48.6	
T	50.759817000	3.900802000	37.8	
T	50.752626000	3.916899000	26.0	
T	50.733841000	3.952353000	41.8	
T	50.726866000	3.975119000	72.7	
T	50.703760000	4.030198000	51.0	
T	50.703523000	4.030897000	50.0	
T	50.699434000	4.035392000	57.4	
T	50.696236000	4.036494000	48.9	
T	50.693117000	4.032325000	49.1	
T	50.691674000	4.033548000	52.2	
T	50.690539000	4.032224000	57.1	
T	50.682072000	4.031925000	60.6	
T	50.670212000	4.035856000	59.7	
T	50.643681000	4.045837000	70.0	
T	50.629524000	4.050946000	65.5	
T	50.594206000	4.061666000	78.0	
T	50.593437000	4.061657000	75.4	
T	50.585402000	4.064311000	87.0	
T	50.582680000	4.063265000	85.0	
T	50.581401000	4.068339000	80.0	
T	50.570076000	4.065745000	93.7	
T	50.570693000	4.067980000	92.4	
T	50.558883000	4.079407000	91.8	
T	50.531247000	4.098371000	108.9	
T	50.501975000	4.110598000	130.9	
T	50.501126000	4.110665000	133.1	
T	50.496827000	4.111193000	111.6	
T	50.496138000	4.111101000	109.1	
T	50.493926000	4.110843000	107.2	
T	50.492173000	4.110517000	111.8	
T	50.491496000	4.116565000	123.8	
T	50.491221000	4.116547000	123.6	
T	50.485518000	4.119589000	111.0	
T	50.484576000	4.120135000	109.7	
T	50.484392000	4.119422000	109.1	
T	50.481269000	4.119884000	98.0	
T	50.479205000	4.119466000	87.2	
T	50.477528000	4.120020000	73.0	
T	50.477698000	4.121040000	72.3	
T	50.476641000	4.121529000	70.0	
T	50.474626000	4.124304000	82.9	
T	50.473621000	4.125779000	84.9	
T	50.470372000	4.130479000	92.8	
T	50.451089000	4.147545000	56.0	
T	50.450428000	4.148006000	57.5	
T	50.450028000	4.148947000	55.9	
T	50.441964000	4.144488000	58.8	
T	50.435721000	4.150851000	61.7	
T	50.435782000	4.151001000	62.9	
T	50.432884000	4.152222000	55.0	
T	50.415821000	4.161016000	67.0	
T	50.414101000	4.161669000	72.5	
T	50.414327000	4.162453000	73.7	
T	50.411366000	4.162726000	81.9	
T	50.410018000	4.162316000	86.4	
T	50.409678000	4.162898000	86.2	
T	50.408483000	4.162994000	79.7	
T	50.407408000	4.164195000	82.6	
T	50.404211000	4.164478000	105.5	
T	50.403247000	4.164579000	110.1	
T	50.403147000	4.164943000	112.1	
T	50.389411000	4.158157000	150.2	
T	50.380704000	4.155666000	151.0	
T	50.378000000	4.157091000	157.9	
T	50.364817000	4.165102000	179.7	
T	50.329350000	4.161039000	133.9	
T	50.326389000	4.160635000	142.0	
T	50.324338000	4.164069000	133.6	
T	50.324324000	4.164204000	133.4	
T	50.323980000	4.164226000	132.4	
T	50.323831000	4.164166000	131.6	
T	50.323314000	4.163862000	124.2	
T	50.322879000	4.163652000	122.7	
T	50.322671000	4.164516000	121.8	
T	50.319924000	4.160341000	122.0	
T	50.308309000	4.167878000	122.1	
T	50.308590000	4.171205000	127.9	
T	50.306398000	4.177143000	138.0	
T	50.305503000	4.176937000	131.8	
T	50.305007000	4.178785000	139.6	
T	50.305514000	4.179417000	139.1	
T	50.290657000	4.208415000	167.3	
T	50.279308000	4.221467000	198.3	
T	50.272821000	4.228765000	168.6	
T	50.263933000	4.228978000	197.6	
T	50.260652000	4.233944000	190.7	
T	50.240341000	4.236437000	199.4	
T	50.239284000	4.237635000	203.2	
T	50.238988000	4.237754000	208.8	
T	50.237798000	4.238774000	222.4	
T	50.237739000	4.238680000	222.8	
T	50.235078000	4.238601000	222.6	
T	50.232949000	4.242800000	200.5	
T	50.144425000	4.283272000	241.7	
T	50.143302000	4.283464000	238.4	
T	50.142835000	4.285680000	238.2	
T	50.140064000	4.304355000	235.4	
T	50.140000000	4.305554000	237.0	
T	50.133038000	4.316136000	269.2	
T	50.131124000	4.316744000	272.0	
T	50.127276000	4.325342000	271.7	
T	50.078439000	4.295783000	235.1	
T	50.077082000	4.294216000	230.4	
T	50.045943000	4.307464000	228.0	
T	50.046980000	4.311336000	222.7	
T	50.047211000	4.312668000	230.2	
T	50.045010000	4.314623000	243.6	
T	50.043951000	4.314668000	249.4	
T	50.034253000	4.319139000	251.6	
T	50.032458000	4.317875000	244.5	
T	50.027703000	4.319608000	259.5	
T	50.020158000	4.319804000	280.6	
T	49.983774000	4.345497000	328.0	
T	49.969506000	4.351376000	325.0	
T	49.953470000	4.348235000	323.0	
T	49.953495000	4.347757000	323.4	
T	49.898278000	4.343982000	294.7	
T	49.871265000	4.353021000	284.8	
T	49.871277000	4.353218000	285.2	
T	49.864843000	4.355703000	282.9	
T	49.862320000	4.357424000	285.6	
T	49.861356000	4.356951000	286.1	
T	49.829830000	4.355739000	258.3	
T	49.829344000	4.355491000	261.5	
T	49.828982000	4.354315000	261.3	
T	49.826812000	4.355670000	256.2	
T	49.776305000	4.358847000	264.7	
T	49.770904000	4.343048000	214.8	
T	49.770547000	4.343231000	214.4	
T	49.766744000	4.340546000	233.6	
T	49.754684000	4.339743000	270.3	
T	49.754012000	4.334996000	276.5	
T	49.736492000	4.325579000	196.7	
T	49.735436000	4.337327000	228.2	
T	49.728369000	4.341577000	217.4	
T	49.728196000	4.341582000	217.0	
T	49.714929000	4.361132000	226.9	
T	49.697457000	4.372008000	194.8	
T	49.688658000	4.362076000	216.0	
T	49.686272000	4.361309000	221.0	
T	49.683832000	4.365584000	209.0	
T	49.670812000	4.377385000	138.5	
T	49.669436000	4.376718000	125.7	
T	49.668849000	4.377500000	117.1	
T	49.668284000	4.378725000	119.8	
T	49.652374000	4.382752000	156.8	
T	49.640773000	4.387340000	164.0	
T	49.641511000	4.390625000	146.5	
T	49.621042000	4.391865000	125.9	
T	49.614302000	4.401225000	108.4	
T	49.603572000	4.419756000	120.0	
T	49.599946000	4.422867000	117.5	
T	49.599970000	4.423679000	113.5	
T	49.599047000	4.424384000	110.4	
T	49.596706000	4.425592000	100.0	
T	49.593056000	4.425846000	93.0	
T	49.587449000	4.430918000	102.2	
T	49.578291000	4.443366000	95.0	
T	49.538494000	4.443127000	98.7	
T	49.533061000	4.449866000	86.0	
T	49.507328000	4.437049000	75.0	
T	49.504176000	4.430510000	76.8	
T	49.483923000	4.422962000	86.7	
T	49.483641000	4.421828000	92.7	
T	49.481765000	4.421033000	107.8	
T	49.470608000	4.409049000	82.5	
T	49.470585000	4.410688000	84.8	
T	49.460014000	4.418134000	128.7	
T	49.452191000	4.423779000	147.7	
T	49.430191000	4.417916000	110.6	
T	49.428962000	4.422649000	106.0	
T	49.429002000	4.422750000	106.0	
T	49.398803000	4.425689000	98.4	
T	49.398817000	4.426347000	97.8	
T	49.371988000	4.427506000	121.9	
T	49.371356000	4.433386000	123.9	
T	49.350283000	4.465864000	140.1	
T	49.347703000	4.468967000	139.6	
T	49.281265000	4.511550000	180.3	
T	49.280417000	4.499784000	163.1	
T	49.274115000	4.499752000	154.8	
T	49.243161000	4.499832000	150.7	
T	49.239975000	4.501196000	128.8	
T	49.238811000	4.501769000	122.7	
T	49.207151000	4.509024000	166.1	
T	49.207550000	4.519682000	169.5	
T	49.203374000	4.519450000	165.1	
T	49.203019000	4.520271000	163.1	
T	49.183483000	4.544657000	133.2	
T	49.181955000	4.542751000	135.0	
T	49.180951000	4.543074000	138.6	
T	49.178536000	4.544827000	147.6	
T	49.165644000	4.541773000	143.2	
T	49.157546000	4.540052000	155.0	
T	49.141086000	4.536001000	136.1	
T	49.141042000	4.536153000	136.4	
T	49.132722000	4.534131000	139.0	
T	49.131483000	4.536399000	136.4	
T	49.131172000	4.536405000	136.8	
T	49.129932000	4.535106000	134.3	
T	49.129220000	4.534157000	134.8	
T	49.128357000	4.532855000	135.0	
T	49.127052000	4.534484000	136.0	
T	49.125922000	4.533953000	134.3	
T	49.123686000	4.535050000	135.2	
T	49.122642000	4.536022000	135.8	
T	49.110478000	4.527046000	141.3	
T	49.090195000	4.515139000	153.9	
T	49.064326000	4.537564000	141.0	
T	49.062910000	4.538434000	137.1	
T	49.062960000	4.539365000	136.7	
T	49.062632000	4.539363000	135.5	
T	49.060692000	4.539964000	134.0	
T	49.039423000	4.539603000	140.0	
T	49.030314000	4.533988000	148.5	
T	49.028443000	4.536503000	153.2	
T	49.027709000	4.537795000	154.8	
T	49.019479000	4.551653000	158.9	
T	49.001096000	4.551541000	165.0	
T	48.989529000	4.552564000	143.2	
T	48.987975000	4.555068000	145.0	
T	48.988857000	4.565199000	146.7	
T	48.967037000	4.575252000	174.0	
T	48.959704000	4.581359000	182.0	
T	48.930786000	4.599040000	175.6	
T	48.918427000	4.613740000	122.6	
T	48.918992000	4.620456000	150.4	
T	48.911416000	4.627922000	118.2	
T	48.911245000	4.627139000	117.0	
T	48.910490000	4.627125000	112.4	
T	48.910070000	4.628120000	112.3	
T	48.863679000	4.633393000	189.0	
T	48.820123000	4.598013000	149.3	
T	48.813343000	4.599536000	110.0	
T	48.811493000	4.598218000	103.6	
T	48.809543000	4.604580000	106.5	
T	48.807925000	4.607586000	107.9	
T	48.804219000	4.606814000	117.5	
T	48.794493000	4.619123000	122.8	
T	48.792151000	4.620882000	117.2	
T	48.788915000	4.616902000	123.8	
T	48.751867000	4.627443000	121.8	
T	48.750962000	4.626976000	118.3	
T	48.750760000	4.627772000	117.2	
T	48.746658000	4.626185000	98.0	
T	48.745036000	4.626756000	97.1	
T	48.741551000	4.634802000	99.0	
T	48.739035000	4.634947000	97.8	
T	48.739106000	4.635991000	98.4	
T	48.732333000	4.639513000	102.4	
T	48.731770000	4.647215000	100.0	
T	48.722369000	4.650926000	105.8	
T	48.722462000	4.649099000	106.0	
T	48.720817000	4.655167000	107.9	
T	48.718069000	4.657436000	109.0	
T	48.710832000	4.659396000	112.0	
T	48.710193000	4.660203000	113.0	
T	48.707865000	4.659294000	113.8	
T	48.706658000	4.660293000	116.9	
T	48.706526000	4.660673000	116.7	
T	48.706505000	4.661656000	118.0	
T	48.706706000	4.662218000	117.2	
T	48.705610000	4.662993000	118.0	
T	48.704870000	4.663632000	120.6	
T	48.702886000	4.670677000	122.7	
T	48.702578000	4.670925000	121.7	
T	48.641831000	4.904258000	134.0	
T	48.641147000	4.903730000	135.5	
T	48.641223000	4.948843000	142.0	
T	48.641246000	4.949178000	143.0	
T	48.641800000	4.949433000	144.0	
T	48.639631000	4.954374000	143.8	
T	48.636050000	4.964415000	146.2	
T	48.635833000	4.965130000	147.5	
T	48.635797000	4.964459000	146.9	
T	48.635027000	4.965490000	144.8	
T	48.618973000	5.004017000	150.3	
T	48.615379000	5.011401000	150.0	
T	48.613078000	5.023309000	151.8	
T	48.612940000	5.024708000	151.5	
T	48.609061000	5.043655000	153.0	
T	48.606380000	5.041076000	152.0	
T	48.569305000	5.044450000	159.0	
T	48.469502000	5.137398000	178.8	
T	48.459066000	5.140097000	177.3	
T	48.459042000	5.140622000	178.0	
T	48.456292000	5.129585000	244.4	
T	48.449075000	5.138726000	229.0	
T	48.444863000	5.137225000	190.5	
T	48.444818000	5.139182000	184.0	
T	48.444066000	5.139551000	182.8	
T	48.443574000	5.141363000	185.1	
T	48.442703000	5.141698000	186.8	
T	48.442881000	5.144158000	183.0	
T	48.376321000	5.161588000	194.9	
T	48.375311000	5.161315000	194.2	
T	48.367307000	5.150156000	196.7	
T	48.356266000	5.151524000	196.5	
T	48.355243000	5.142941000	200.1	
T	48.339623000	5.140461000	203.0	
T	48.339248000	5.140871000	204.8	
T	48.330552000	5.144270000	219.7	
T	48.321761000	5.146471000	204.7	
T	48.302200000	5.147086000	213.0	
T	48.302264000	5.147889000	218.9	
T	48.292787000	5.154470000	216.0	
T	48.292693000	5.153977000	217.7	
T	48.267853000	5.137944000	219.9	
T	48.267881000	5.138393000	221.3	
T	48.155446000	5.138613000	244.4	
T	48.141069000	5.137763000	247.2	
T	48.142185000	5.137793000	257.9	
T	48.138874000	5.133198000	256.5	
T	48.130638000	5.132769000	256.9	
T	48.121285000	5.137707000	305.5	
T	48.114714000	5.140551000	320.0	
T	48.113158000	5.141259000	321.8	
T	48.111267000	5.139788000	321.9	
T	48.109664000	5.143256000	322.9	
T	48.109378000	5.144162000	326.0	
T	48.108549000	5.142277000	325.0	
T	48.103969000	5.146131000	334.6	
T	48.103303000	5.144280000	336.4	
T	48.101791000	5.144631000	337.0	
T	48.101866000	5.144763000	336.2	
T	48.093461000	5.151237000	306.9	
T	48.092126000	5.155669000	266.4	
T	48.089936000	5.151500000	267.1	
T	48.078238000	5.162589000	289.5	
T	48.072961000	5.169954000	280.8	
T	48.068631000	5.174177000	278.0	
T	48.068461000	5.178088000	274.2	
T	48.069639000	5.184168000	273.3	
T	48.069783000	5.185034000	274.1	
T	48.068844000	5.185814000	275.7	
T	48.058495000	5.186832000	283.8	
T	48.056862000	5.186379000	292.5	
T	48.041678000	5.211712000	285.0	
T	48.041195000	5.211654000	287.4	
T	48.039285000	5.215061000	287.7	
T	48.037771000	5.215787000	295.0	
T	48.010378000	5.247869000	308.0	
T	48.012460000	5.249445000	293.1	
T	47.999668000	5.262754000	296.9	
T	47.990317000	5.266938000	298.0	
T	47.951284000	5.286459000	306.5	
T	47.947862000	5.288765000	307.0	
T	47.903451000	5.313361000	325.3	
T	47.884804000	5.335056000	329.0	
T	47.879973000	5.341588000	332.6	
T	47.879432000	5.340920000	333.7	
T	47.878199000	5.340148000	333.0	
T	47.877880000	5.341541000	331.3	
T	47.871902000	5.337833000	376.2	
T	47.871554000	5.338058000	379.8	
T	47.870493000	5.340102000	379.7	
T	47.866452000	5.343090000	375.0	
T	47.864012000	5.338593000	425.2	
T	47.858389000	5.335069000	458.4	
T	47.857453000	5.335083000	452.7	
T	47.852873000	5.335970000	461.3	
T	47.845900000	5.336323000	476.1	
T	47.838476000	5.334164000	454.0	
T	47.831074000	5.330443000	449.4	
T	47.831059000	5.329450000	449.0	
T	47.831035000	5.328959000	448.5	
T	47.768666000	5.310069000	321.1	
T	47.765466000	5.309623000	318.9	
T	47.762243000	5.308724000	315.1	
T	47.702231000	5.294685000	320.7	
T	47.700249000	5.293924000	317.3	
T	47.699560000	5.293621000	320.9	
T	47.697435000	5.292580000	318.6	
T	47.695037000	5.292460000	319.1	
T	47.686290000	5.293143000	293.2	
T	47.683268000	5.293484000	299.9	
T	47.679059000	5.297792000	294.0	
T	47.679071000	5.298018000	293.7	
T	47.668985000	5.310184000	290.0	
T	47.666778000	5.308629000	301.2	
T	47.666491000	5.308033000	294.6	
T	47.663157000	5.309753000	272.0	
T	47.649652000	5.328047000	272.5	
T	47.649675000	5.328101000	272.8	
T	47.644004000	5.330243000	258.3	
T	47.642511000	5.331952000	257.1	
T	47.631590000	5.334989000	251.0	
T	47.615143000	5.355256000	247.5	
T	47.603345000	5.375000000	246.0	
T	47.603154000	5.374807000	246.0	
T	47.588564000	5.387616000	240.9	
T	47.578167000	5.397461000	242.5	
T	47.578126000	5.397349000	243.6	
T	47.565291000	5.421022000	252.6	
T	47.564387000	5.421624000	252.1	
T	47.563723000	5.423966000	247.2	
T	47.561396000	5.422952000	249.0	
T	47.551768000	5.427004000	233.3	
T	47.542112000	5.427627000	233.6	
T	47.540793000	5.430890000	227.8	
T	47.539831000	5.430706000	227.8	
T	47.539628000	5.432686000	230.1	
T	47.540007000	5.434170000	227.0	
T	47.539927000	5.437013000	227.4	
T	47.542220000	5.437388000	224.0	
T	47.514298000	5.478153000	253.0	
T	47.513126000	5.479971000	254.6	
T	47.513070000	5.480587000	252.8	
T	47.486543000	5.491173000	212.0	
T	47.463625000	5.527923000	208.6	
T	47.461935000	5.527701000	198.9	
T	47.461692000	5.527189000	198.2	
T	47.461578000	5.526644000	198.8	
T	47.459203000	5.527069000	199.9	
T	47.459023000	5.527477000	202.4	
T	47.459082000	5.527868000	203.9	
T	47.425967000	5.531366000	200.0	
T	47.422847000	5.530972000	204.6	
T	47.420955000	5.530201000	195.9	
T	47.420429000	5.530476000	193.3	
T	47.394984000	5.545335000	187.1	
T	47.394633000	5.545266000	189.0	
T	47.394326000	5.545337000	193.6	
T	47.394749000	5.548473000	193.5	
T	47.394041000	5.550740000	204.6	
T	47.384622000	5.574813000	205.9	
T	47.384273000	5.577314000	196.6	
T	47.341097000	5.633902000	212.1	
T	47.339803000	5.635159000	222.2	
T	47.333808000	5.646680000	217.1	
T	47.310329000	5.658388000	261.0	
T	47.301433000	5.668338000	237.1	
T	47.297913000	5.667638000	215.7	
T	47.283691000	5.661251000	232.1	
T	47.265283000	5.640109000	198.6	
T	47.260823000	5.639793000	200.7	
T	47.240988000	5.666861000	214.1	
T	47.240838000	5.667314000	211.3	
T	47.225572000	5.676607000	229.5	
T	47.223546000	5.677429000	226.9	
T	47.223571000	5.679549000	222.3	
T	47.222795000	5.680263000	230.5	
T	47.217994000	5.681046000	219.5	
T	47.213757000	5.677156000	232.9	
T	47.207716000	5.683333000	263.8	
T	47.208286000	5.683449000	264.9	
T	47.202834000	5.687896000	294.5	
T	47.202005000	5.689329000	292.5	
T	47.201172000	5.688802000	292.3	
T	47.199813000	5.690028000	290.9	
T	47.197109000	5.693513000	278.8	
T	47.152692000	5.719608000	233.4	
T	47.152537000	5.721581000	238.7	
T	47.151103000	5.721498000	234.5	
T	47.151100000	5.721677000	233.9	
T	47.148739000	5.724558000	213.0	
T	47.147405000	5.723830000	213.8	
T	47.145050000	5.726682000	215.9	
T	47.144826000	5.726444000	216.4	
T	47.144040000	5.726919000	226.9	
T	47.134379000	5.728091000	255.3	
T	47.131688000	5.728939000	269.7	
T	47.124746000	5.729785000	245.5	
T	47.122635000	5.733487000	239.0	
T	47.096621000	5.743388000	261.9	
T	47.048350000	5.766983000	261.0	
T	47.046688000	5.760725000	261.1	
T	47.045965000	5.759774000	257.2	
T	47.037450000	5.764527000	235.6	
T	47.033913000	5.764838000	232.0	
T	47.030645000	5.775770000	234.0	
T	47.031351000	5.777785000	234.0	
T	47.030675000	5.778645000	233.4	
T	47.029132000	5.780388000	233.4	
T	47.027324000	5.781505000	231.9	
T	47.019181000	5.787136000	232.3	
T	47.018262000	5.786452000	234.0	
T	47.013998000	5.789113000	233.3	
T	47.010479000	5.790849000	242.0	
T	47.007380000	5.804811000	290.9	
T	47.005621000	5.807350000	323.1	
T	47.004899000	5.807579000	334.2	
T	47.001816000	5.820966000	252.1	
T	47.001253000	5.822404000	255.0	
T	46.998518000	5.822943000	255.3	
T	46.997685000	5.822583000	255.7	
T	46.995436000	5.822420000	251.2	
T	46.993317000	5.822133000	249.0	
T	46.987549000	5.822051000	256.9	
T	46.986885000	5.821879000	257.6	
T	46.979195000	5.820674000	273.2	
T	46.970743000	5.817595000	289.0	
T	46.968059000	5.819447000	298.1	
T	46.958716000	5.816486000	350.0	
T	46.952442000	5.819917000	360.9	
T	46.949842000	5.826509000	351.5	
T	46.949995000	5.832349000	335.0	
T	46.948997000	5.833641000	331.3	
T	46.936157000	5.838647000	366.5	
T	46.934438000	5.841974000	437.5	
T	46.929017000	5.834983000	539.6	
T	46.916004000	5.838845000	588.6	
T	46.916171000	5.839372000	589.4	
T	46.915478000	5.846132000	596.3	
T	46.911911000	5.854550000	604.0	
T	46.901939000	5.852968000	574.7	
T	46.892068000	5.869982000	625.7	
T	46.890633000	5.868968000	626.8	
T	46.888956000	5.865299000	613.3	
T	46.886847000	5.863866000	602.1	
T	46.855432000	5.842219000	603.3	
T	46.831414000	5.859926000	651.9	
T	46.831656000	5.861443000	659.2	
T	46.830474000	5.863631000	661.0	
T	46.829777000	5.864831000	655.7	
T	46.828336000	5.864372000	653.7	
T	46.827802000	5.864609000	653.6	
T	46.826599000	5.865203000	655.0	
T	46.825625000	5.864719000	649.5	
T	46.822227000	5.867262000	647.8	
T	46.797028000	5.870787000	637.8	
T	46.796417000	5.896265000	604.6	
T	46.789365000	5.898157000	589.7	
T	46.780475000	5.896034000	580.5	
T	46.780045000	5.896063000	582.2	
T	46.772731000	5.905333000	596.0	
T	46.762168000	5.905305000	552.9	
T	46.759562000	5.905729000	543.8	
T	46.758914000	5.906027000	544.0	
T	46.748460000	5.907330000	537.2	
T	46.746683000	5.907660000	531.9	
T	46.743306000	5.911056000	536.9	
T	46.742179000	5.911517000	525.0	
T	46.737343000	5.909456000	544.1	
T	46.731690000	5.910472000	522.9	
T	46.720596000	5.921985000	548.1	
T	46.717489000	5.923885000	558.0	
T	46.715144000	5.925767000	579.1	
T	46.670455000	5.938958000	635.0	
T	46.665368000	5.948882000	728.3	
T	46.655656000	5.945127000	714.5	
T	46.656070000	5.943100000	715.4	
T	46.632053000	5.947535000	752.8	
T	46.631217000	5.948430000	759.5	
T	46.621419000	5.960310000	815.8	
T	46.616804000	5.971193000	838.3	
T	46.615962000	5.970365000	831.9	
T	46.615157000	5.969958000	830.7	
T	46.610261000	5.967829000	822.8	
T	46.599164000	5.971872000	845.2	
T	46.587179000	5.982633000	867.8	
T	46.587763000	5.983837000	872.0	
T	46.581622000	5.986839000	916.0	
T	46.578999000	5.988347000	944.0	
T	46.577392000	5.985270000	927.6	
T	46.576182000	5.984743000	924.4	
T	46.571944000	5.989304000	952.0	
T	46.570777000	5.990502000	960.7	
T	46.555746000	6.013437000	924.3	
T	46.555901000	6.014078000	923.3	
T	46.553692000	6.016894000	912.2	
T	46.549642000	6.017977000	906.8	
T	46.544241000	6.019417000	896.5	
T	46.541971000	6.018782000	866.7	
T	46.537421000	6.016141000	834.3	
T	46.533706000	6.016936000	807.9	
T	46.533527000	6.016510000	800.4	
T	46.532689000	6.016144000	773.2	
T	46.530867000	6.020195000	704.0	
T	46.530931000	6.020657000	705.4	
T	46.530495000	6.020758000	701.7	
T	46.529965000	6.020013000	696.2	
T	46.529567000	6.019860000	694.9	
T	46.528152000	6.021501000	698.0	
T	46.526687000	6.021849000	700.9	
T	46.525044000	6.021567000	703.4	
T	46.522410000	6.022078000	706.3	
T	46.522057000	6.022271000	708.1	
T	46.521744000	6.021232000	706.0	
T	46.519912000	6.022380000	708.6	
T	46.518778000	6.022695000	718.8	
T	46.518504000	6.023558000	714.4	
T	46.518266000	6.024072000	709.9	
T	46.516944000	6.025750000	715.1	
T	46.513377000	6.026566000	720.6	
T	46.511104000	6.028986000	736.4	
T	46.510631000	6.029397000	744.1	
T	46.510615000	6.029558000	750.7	
T	46.496169000	6.029560000	835.4	
T	46.497224000	6.032570000	885.0	
T	46.496122000	6.033980000	907.0	
T	46.494689000	6.036147000	903.0	
T	46.494000000	6.035635000	893.8	
T	46.493953000	6.035788000	893.5	
T	46.489081000	6.040060000	977.5	
T	46.489085000	6.041294000	986.3	
T	46.482041000	6.046092000	1042.4	
T	46.463134000	6.059590000	1075.3	
T	46.461370000	6.060143000	1060.8	
T	46.456289000	6.063994000	1126.7	
T	46.454463000	6.065228000	1149.4	
T	46.453672000	6.071008000	1185.6	
T	46.443749000	6.084404000	1236.0	
T	46.442309000	6.085311000	1238.9	
T	46.440190000	6.092260000	1292.8	
T	46.423999000	6.111569000	1436.2	
T	46.423336000	6.113962000	1395.5	
T	46.422428000	6.116253000	1365.7	
T	46.421149000	6.121533000	1301.7	
T	46.421044000	6.124002000	1291.7	
T	46.416630000	6.130191000	1162.3	
T	46.414846000	6.131669000	1128.2	
T	46.412819000	6.134021000	1038.8	
T	46.412300000	6.133465000	1023.7	
T	46.409283000	6.137715000	837.2	
T	46.400373000	6.141176000	648.7	
T	46.386440000	6.142573000	546.2	
T	46.382769000	6.147951000	541.3	
T	46.381010000	6.151189000	531.9	
T	46.375100000	6.160545000	491.3	
T	46.373777000	6.162183000	477.1	
T	46.373857000	6.162846000	476.8	
T	46.373223000	6.164032000	474.9	
T	46.364721000	6.169842000	471.3	
T	46.353238000	6.166377000	470.3	
T	46.352937000	6.167482000	471.0	
T	46.350253000	6.166216000	476.8	
T	46.348393000	6.169251000	478.4	
T	46.346005000	6.176430000	449.8	
T	46.340186000	6.175270000	442.7	
T	46.339548000	6.175918000	438.9	
T	46.334608000	6.171638000	440.2	
T	46.334593000	6.171942000	439.0	
T	46.331497000	6.175066000	431.9	
T	46.322677000	6.181541000	419.4	
T	46.320539000	6.179799000	420.0	
T	46.318271000	6.179176000	414.7	
T	46.309291000	6.175294000	412.0	
T	46.308862000	6.176319000	411.3	
T	46.306732000	6.173765000	404.3	
T	46.306692000	6.172830000	407.0	
T	46.306130000	6.172613000	410.9	
T	46.306101000	6.172497000	411.0	
T	46.303384000	6.169611000	410.7	
T	46.298127000	6.168969000	389.4	
T	46.297647000	6.168804000	389.3	
T	46.295399000	6.167196000	388.6	
T	46.291822000	6.165713000	391.9	
T	46.291386000	6.163434000	399.0	
T	46.289641000	6.163562000	394.8	
T	46.287694000	6.163617000	393.0	
T	46.287694000	6.163692000	392.7	
T	46.286538000	6.163823000	395.1	
T	46.283717000	6.163711000	393.0	
T	46.277890000	6.166404000	383.8	
T	46.277021000	6.167723000	379.3	
T	46.276598000	6.167715000	379.2	
T	46.276253000	6.167670000	378.6	
T	46.275533000	6.167700000	377.2	
T	46.274296000	6.167450000	384.3	
T	46.257866000	6.156346000	381.6	
T	46.242671000	6.151171000	379.6	
T	46.240706000	6.150216000	384.3	
T	46.224060000	6.148370000	380.5	
T	46.223815000	6.148418000	380.5	
T	46.222374000	6.149104000	391.7	
T	46.222190000	6.149268000	393.0	
T	46.216987000	6.146541000	388.0	
T	46.216612000	6.147132000	392.0	
T	46.214709000	6.145744000	390.1	
T	46.213598000	6.148305000	382.0	
T	46.208201000	6.143920000	393.3	
T	46.207531000	6.143220000	389.1	
T	46.207335000	6.143473000	385.4	
T	46.206564000	6.142402000	390.8	
T	46.206176000	6.142662000	385.4	
T	46.205597000	6.143047000	380.4	
T	46.205313000	6.142800000	374.9	
T	46.204398000	6.143215000	378.0	
T	46.204306000	6.142646000	377.5	
T	46.204104000	6.141180000	376.4	
T	46.202722000	6.141381000	386.2	
T	46.201187000	6.142633000	383.5	
T	46.201227000	6.142766000	383.8	
T	46.200768000	6.143102000	380.4	
T	46.199648000	6.142982000	380.9	
T	46.198160000	6.142763000	385.7	
T	46.198150000	6.142131000	382.0	
T	46.193036000	6.138792000	378.5	
T	46.190811000	6.139894000	379.6	
T	46.186566000	6.139915000	381.1	
T	46.183310000	6.141320000	386.6	
T	46.180153000	6.139313000	386.0	
T	46.179677000	6.139043000	389.3	
T	46.175229000	6.138297000	414.2	
T	46.174336000	6.138335000	409.2	
T	46.171780000	6.137715000	408.8	
T	46.171735000	6.137564000	407.3	
T	46.170841000	6.135724000	411.6	
T	46.165472000	6.131057000	419.8	
T	46.157612000	6.126043000	457.9	
T	46.157153000	6.125510000	458.6	
T	46.155838000	6.129469000	463.0	
T	46.148383000	6.129334000	474.0	
T	46.148124000	6.130104000	474.5	
T	46.145035000	6.128561000	486.9	
T	46.142618000	6.133389000	486.2	
T	46.141442000	6.132113000	483.6	
T	46.140659000	6.131332000	480.9	
T	46.140398000	6.131435000	481.6	
T	46.138821000	6.128518000	489.6	
T	46.138760000	6.128436000	490.2	
T	46.133921000	6.125155000	512.1	
T	46.133748000	6.124634000	513.0	
T	46.115686000	6.108235000	577.8	
T	46.110005000	6.106021000	603.6	
T	46.104113000	6.105050000	645.2	
T	46.100134000	6.104058000	645.8	
T	46.099635000	6.103665000	647.1	
T	46.093781000	6.101973000	665.1	
T	46.093787000	6.102059000	665.4	
T	46.093096000	6.102330000	669.1	
T	46.088858000	6.097994000	671.7	
T	46.081078000	6.092011000	711.5	
T	46.079883000	6.089880000	744.1	
T	46.074281000	6.086888000	788.3	
T	46.065052000	6.088671000	863.5	
T	46.054782000	6.089423000	796.9	
T	46.050644000	6.088920000	761.1	
T	46.047452000	6.090351000	737.9	
T	46.043170000	6.096921000	749.0	
T	46.042873000	6.096811000	742.9	
T	46.042947000	6.096355000	741.3	
T	46.036045000	6.107954000	777.8	
T	46.035181000	6.108771000	774.6	
T	46.032725000	6.106688000	785.3	
T	46.027653000	6.104792000	759.6	
T	46.026007000	6.102264000	762.5	
T	46.014751000	6.111236000	670.8	
T	46.015171000	6.112195000	664.6	
T	46.013865000	6.111574000	663.3	
T	46.013052000	6.111826000	653.0	
T	46.010660000	6.112110000	658.4	
T	46.005273000	6.119154000	640.2	
T	46.000762000	6.121850000	636.5	
T	45.999070000	6.121677000	643.6	
T	45.998892000	6.120407000	642.5	
T	45.983635000	6.127055000	624.2	
T	45.982392000	6.125996000	627.8	
T	45.966019000	6.122714000	609.1	
T	45.960906000	6.120620000	574.7	
T	45.954036000	6.112008000	514.1	
T	45.952390000	6.115781000	494.8	
T	45.948155000	6.116946000	500.4	
T	45.948126000	6.116927000	500.3	
T	45.946731000	6.118715000	495.5	
T	45.943567000	6.122184000	482.9	
T	45.942053000	6.123074000	482.1	
T	45.940129000	6.122546000	481.2	
T	45.937869000	6.123903000	482.7	
T	45.936446000	6.125792000	483.0	
T	45.934331000	6.127260000	462.2	
T	45.933374000	6.128244000	455.7	
T	45.933350000	6.128258000	455.6	
T	45.933266000	6.128267000	454.7	
T	45.930652000	6.124597000	461.3	
T	45.930470000	6.124140000	457.3	
T	45.928111000	6.125875000	468.7	
T	45.927618000	6.126022000	467.1	
T	45.922223000	6.125538000	463.9	
T	45.919458000	6.125619000	464.1	
T	45.919021000	6.126749000	465.1	
T	45.917888000	6.127528000	463.8	
T	45.916562000	6.128438000	458.8	
T	45.916187000	6.128601000	459.0	
T	45.914860000	6.129579000	457.7	
T	45.913829000	6.128234000	459.3	
T	45.912630000	6.128474000	457.0	
T	45.911933000	6.127882000	456.0	
T	45.911878000	6.127848000	455.9	
T	45.909223000	6.126382000	454.0	
T	45.907609000	6.128608000	452.6	
T	45.907589000	6.128609000	452.7	
T	45.907127000	6.129496000	454.2	
T	45.906759000	6.129086000	453.2	
T	45.906142000	6.129009000	452.8	
T	45.904448000	6.129908000	453.0	
T	45.904110000	6.128777000	454.8	
T	45.902516000	6.129764000	450.8	
T	45.902084000	6.128905000	453.4	
T	45.902013000	6.128749000	454.8	
T	45.901586000	6.129064000	453.4	
T	45.900949000	6.127511000	454.0	
T	45.897243000	6.131236000	450.5	
T	45.896789000	6.131521000	451.6	
T	45.895707000	6.132952000	452.4	
T	45.894393000	6.134592000	455.2	
T	45.832514000	6.171444000	461.2	
T	45.826970000	6.204386000	478.1	
T	45.826524000	6.206585000	474.0	
T	45.764820000	6.250020000	477.2	
T	45.765802000	6.263171000	492.8	
T	45.753838000	6.286810000	506.0	
T	45.747971000	6.290420000	514.3	
T	45.746226000	6.294578000	519.7	
T	45.744736000	6.296038000	525.2	
T	45.744023000	6.296061000	529.3	
T	45.742855000	6.296877000	557.7	
T	45.741692000	6.296773000	559.9	
T	45.736479000	6.300106000	554.1	
T	45.732653000	6.309385000	646.8	
T	45.732024000	6.309663000	653.4	
T	45.729098000	6.310767000	676.1	
T	45.714044000	6.315121000	830.3	
T	45.712869000	6.316133000	844.1	
T	45.710183000	6.315994000	863.6	
T	45.700700000	6.309203000	780.7	
T	45.693179000	6.307838000	820.4	
T	45.670247000	6.307925000	912.8	
T	45.670007000	6.309241000	918.7	
T	45.665465000	6.314703000	623.4	
T	45.665254000	6.315588000	608.8	
T	45.665121000	6.315602000	607.5	
T	45.664996000	6.316016000	597.3	
T	45.660855000	6.310497000	596.3	
T	45.656145000	6.318632000	496.8	
T	45.654347000	6.317479000	495.8	
T	45.652729000	6.314880000	491.2	
T	45.642523000	6.306449000	414.3	
T	45.638740000	6.305546000	374.9	
T	45.635851000	6.305947000	355.0	
T	45.633424000	6.301351000	351.3	
T	45.624058000	6.289427000	359.1	
T	45.620236000	6.284206000	362.4	
T	45.614456000	6.285890000	318.0	
T	45.614368000	6.286659000	315.2	
T	45.611550000	6.290750000	309.9	
T	45.584452000	6.269540000	300.6	
T	45.581947000	6.274087000	302.4	
T	45.566733000	6.254148000	298.2	
T	45.566692000	6.254210000	299.3	
T	45.562560000	6.251328000	303.4	
T	45.562618000	6.251100000	302.4	
T	45.557409000	6.252629000	306.0	
T	45.555869000	6.255726000	307.0	
T	45.555653000	6.255881000	308.6	
T	45.555949000	6.257217000	309.0	
T	45.541269000	6.306768000	327.8	
T	45.537311000	6.307619000	357.8	
T	45.529913000	6.309212000	326.5	
T	45.520832000	6.311227000	334.4	
T	45.519813000	6.312372000	334.7	
T	45.519861000	6.312576000	334.5	
T	45.501610000	6.304415000	338.0	
T	45.499618000	6.307829000	343.8	
T	45.492351000	6.306462000	351.0	
T	45.486751000	6.302154000	348.8	
T	45.487412000	6.299305000	347.3	
T	45.473554000	6.293519000	357.3	
T	45.470841000	6.290836000	357.0	
T	45.461907000	6.292414000	362.8	
T	45.458206000	6.292604000	366.0	
T	45.362924000	6.287234000	439.0	
T	45.358893000	6.290073000	440.3	
T	45.348597000	6.305808000	448.8	
T	45.348119000	6.306147000	449.0	
T	45.266366000	6.383472000	563.4	
T	45.266330000	6.384596000	580.9	
T	45.263950000	6.386937000	599.9	
T	45.257066000	6.396805000	652.4	
T	45.257155000	6.397494000	657.0	
T	45.256487000	6.402057000	672.9	
T	45.255575000	6.407923000	657.5	
T	45.255429000	6.411675000	678.5	
T	45.254580000	6.412870000	681.1	
T	45.254829000	6.413610000	693.4	
T	45.244355000	6.430941000	676.8	
T	45.232904000	6.445229000	689.2	
T	45.230257000	6.448830000	687.7	
T	45.220483000	6.460449000	697.5	
T	45.219870000	6.464694000	704.0	
T	45.219131000	6.469438000	709.0	
T	45.219385000	6.469758000	708.6	
T	45.219355000	6.470544000	712.6	
T	45.215853000	6.475126000	718.4	
T	45.208253000	6.468600000	874.4	
T	45.207586000	6.473763000	899.1	
T	45.206522000	6.474267000	940.3	
T	45.200847000	6.475902000	1183.6	
T	45.200721000	6.476399000	1201.0	
T	45.199416000	6.480315000	1300.1	
T	45.199202000	6.481167000	1325.1	
T	45.190148000	6.478899000	1475.4	
T	45.187660000	6.479982000	1519.7	
T	45.188091000	6.480441000	1523.0	
T	45.185725000	6.480811000	1543.7	
T	45.182952000	6.482308000	1547.2	
T	45.172301000	6.489093000	1663.7	
T	45.159585000	6.494345000	1788.5	
T	45.135777000	6.508063000	2178.6	
T	45.130727000	6.513075000	2167.9	
T	45.119011000	6.533365000	2398.6	
T	45.109413000	6.558130000	2850.0	
T	45.109174000	6.561641000	2938.4	
T	45.083987000	6.532671000	2491.9	
T	45.083005000	6.525363000	2457.2	
T	45.059339000	6.525573000	2023.6	
T	45.023564000	6.565289000	1814.7	
T	45.023985000	6.564508000	1811.7	
T	45.023088000	6.564694000	1816.9	
T	45.013938000	6.569574000	2043.8	
T	45.012641000	6.570919000	2064.0	
T	45.013142000	6.571862000	2042.0	
T	45.004950000	6.597066000	2106.4	
T	44.994918000	6.591641000	2250.0	
T	44.981897000	6.587826000	2472.5	
T	44.981444000	6.588301000	2466.3	
T	44.977223000	6.586839000	2357.4	
T	44.975922000	6.586487000	2339.7	
T	44.970083000	6.584203000	2211.6	
T	44.969535000	6.583012000	2199.0	
T	44.968766000	6.583498000	2181.3	
T	44.968338000	6.584262000	2175.8	
T	44.967831000	6.584844000	2175.6	
T	44.967206000	6.585619000	2175.0	
T	44.954936000	6.592998000	2004.6	
T	44.952588000	6.593930000	1965.3	
T	44.952483000	6.593019000	1957.4	
T	44.951569000	6.590263000	1916.9	
T	44.945310000	6.591778000	1778.0	
T	44.943056000	6.592801000	1691.0	
T	44.940030000	6.594942000	1574.4	
T	44.938289000	6.596865000	1501.1	
T	44.935690000	6.593771000	1431.4	
T	44.935626000	6.593858000	1431.0	
T	44.930283000	6.596399000	1366.9	
T	44.927842000	6.603477000	1356.1	
T	44.926769000	6.605804000	1345.8	
T	44.925792000	6.607539000	1354.0	
T	44.922774000	6.611921000	1340.8	
T	44.922605000	6.612090000	1338.5	
T	44.917214000	6.619026000	1315.9	
T	44.916252000	6.620640000	1307.0	
T	44.914784000	6.622775000	1322.6	
T	44.914438000	6.622204000	1314.7	
T	44.911210000	6.624221000	1298.9	
T	44.907333000	6.627625000	1279.5	
T	44.906189000	6.629023000	1270.5	
T	44.905617000	6.629326000	1267.1	
T	44.905622000	6.629690000	1269.2	
T	44.905434000	6.629998000	1268.4	
T	44.904253000	6.630241000	1253.9	
T	44.903579000	6.630150000	1249.6	
T	44.903418000	6.630133000	1250.2	
T	44.902726000	6.631156000	1243.0	
T	44.900124000	6.631358000	1231.5	
T	44.895392000	6.631539000	1209.9	
T	44.894698000	6.630139000	1209.8	
T	44.881621000	6.621098000	1187.3	
T	44.881384000	6.620840000	1185.0	
T	44.877866000	6.615743000	1187.3	
T	44.878017000	6.615258000	1190.9	
T	44.875971000	6.613205000	1189.1	
T	44.875454000	6.613348000	1185.3	
T	44.872149000	6.609272000	1172.2	
T	44.869160000	6.603032000	1170.1	
T	44.864674000	6.598748000	1175.9	
T	44.864237000	6.597967000	1177.7	
T	44.863002000	6.588859000	1214.3	
T	44.855994000	6.582738000	1191.6	
T	44.855649000	6.581067000	1196.3	
T	44.854155000	6.580262000	1196.7	
T	44.852427000	6.582157000	1164.0	
T	44.832101000	6.583150000	1194.9	
T	44.831209000	6.583169000	1198.5	
T	44.825964000	6.579918000	1225.9	
T	44.800888000	6.566046000	1062.2	
T	44.794194000	6.562527000	1001.6	
T	44.790654000	6.561820000	980.6	
T	44.784657000	6.560678000	992.1	
T	44.782356000	6.560728000	985.5	
T	44.762150000	6.569753000	947.0	
T	44.761054000	6.570819000	944.3	
T	44.760555000	6.571421000	947.1	
T	44.756262000	6.574485000	941.5	
T	44.755993000	6.574630000	942.0	
T	44.754944000	6.575077000	940.0	
T	44.724746000	6.588685000	919.1	
T	44.724592000	6.589455000	919.8	
T	44.721750000	6.592120000	915.9	
T	44.721369000	6.592171000	916.0	
T	44.711213000	6.602301000	910.9	
T	44.710605000	6.603140000	915.0	
T	44.700825000	6.609646000	902.7	
T	44.689861000	6.612802000	929.0	
T	44.681855000	6.623814000	944.5	
T	44.681423000	6.625615000	959.6	
T	44.678299000	6.632479000	1004.2	
T	44.679019000	6.633694000	1022.4	
T	44.676322000	6.634127000	1031.5	
T	44.672955000	6.644501000	934.0	
T	44.660948000	6.649680000	1017.1	
T	44.660210000	6.650696000	1013.4	
T	44.659657000	6.650389000	1007.2	
T	44.658741000	6.650943000	1009.0	
T	44.658501000	6.651379000	1016.3	
T	44.655365000	6.654029000	1049.1	
T	44.655298000	6.654038000	1048.8	
T	44.639899000	6.677429000	1339.3	
T	44.636474000	6.696969000	1604.9	
T	44.636257000	6.696479000	1606.9	
T	44.620958000	6.721083000	1783.8	
T	44.617706000	6.725644000	1807.7	
T	44.606715000	6.724957000	2149.6	
T	44.530632000	6.775689000	1531.2	
T	44.527855000	6.772680000	1512.0	
T	44.525928000	6.774072000	1493.8	
T	44.525977000	6.803175000	1899.3	
T	44.525827000	6.805048000	1905.9	
T	44.524090000	6.808481000	1923.5	
T	44.515442000	6.823998000	2193.6	
T	44.499952000	6.846648000	2513.5	
T	44.494578000	6.850575000	2450.2	
T	44.479327000	6.849981000	2427.4	
T	44.475065000	6.852812000	2548.1	
T	44.451885000	6.847697000	1686.3	
T	44.450890000	6.846484000	1680.1	
T	44.450436000	6.848180000	1684.9	
T	44.418392000	6.885149000	1907.0	
T	44.418144000	6.885170000	1905.9	
T	44.387977000	6.875560000	2136.1	
T	44.386347000	6.874098000	2178.8	
T	44.371121000	6.870367000	2400.7	
T	44.367389000	6.873121000	2436.2	
T	44.356571000	6.880362000	2660.9	
T	44.323550000	6.883412000	1685.6	
T	44.286826000	6.899292000	1347.8	
T	44.255224000	6.928440000	1132.4	
T	44.254898000	6.927679000	1135.7	
T	44.253282000	6.928028000	1146.1	
T	44.252982000	6.928356000	1139.4	
T	44.250721000	6.930932000	1135.7	
T	44.249539000	6.932030000	1118.3	
T	44.239928000	6.944383000	1084.3	
T	44.234286000	6.948526000	1083.5	
T	44.232756000	6.951385000	1071.8	
T	44.225046000	6.961413000	1050.2	
T	44.224361000	6.960872000	1053.8	
T	44.211200000	6.974068000	1016.7	
T	44.211459000	6.974813000	1020.0	
T	44.202492000	6.989732000	998.2	
T	44.195674000	7.007164000	964.1	
T	44.193437000	7.011409000	948.5	
T	44.185158000	7.053060000	863.1	
T	44.184836000	7.054548000	862.2	
T	44.137103000	7.100023000	723.2	
T	44.120013000	7.092093000	651.9	
T	44.090333000	7.107509000	541.2	
T	44.024680000	7.131680000	366.0	
T	44.019508000	7.131640000	357.6	
T	43.976467000	7.140139000	301.7	
T	43.916528000	7.188882000	250.4	
T	43.915257000	7.187263000	201.3	
T	43.908754000	7.188161000	271.4	
T	43.886927000	7.189962000	191.7	
T	43.883224000	7.190542000	166.8	
T	43.882354000	7.190507000	184.7	
T	43.860769000	7.198807000	142.2	
T	43.839651000	7.194913000	119.8	
T	43.839233000	7.194761000	120.1	
T	43.835537000	7.193378000	117.5	
T	43.825055000	7.189598000	116.4	
T	43.824730000	7.189768000	118.6	
T	43.824626000	7.189897000	119.0	
T	43.824206000	7.190060000	116.9	
T	43.821851000	7.192440000	111.1	
T	43.821505000	7.192952000	111.7	
T	43.804499000	7.199695000	108.0	
T	43.802559000	7.202572000	92.6	
T	43.801524000	7.202783000	92.0	
T	43.801985000	7.202922000	92.2	
T	43.799581000	7.206277000	91.4	
T	43.798244000	7.205313000	87.1	
T	43.796584000	7.207269000	84.9	
T	43.791583000	7.216432000	93.8	
T	43.790943000	7.216926000	92.5	
T	43.790520000	7.216239000	84.3	
T	43.786519000	7.218612000	84.4	
T	43.783646000	7.220234000	92.4	
T	43.782014000	7.219826000	94.6	
T	43.777519000	7.225743000	242.6	
T	43.774570000	7.226381000	175.3	
T	43.774324000	7.229971000	251.2	
T	43.773229000	7.232703000	327.2	
T	43.772495000	7.237075000	387.7	
T	43.769883000	7.236433000	365.8	
T	43.767524000	7.235977000	349.3	
T	43.765738000	7.235042000	372.2	
T	43.765282000	7.235455000	367.8	
T	43.749600000	7.236816000	329.5	
T	43.748276000	7.235401000	315.1	
T	43.747592000	7.236657000	286.4	
T	43.746639000	7.236433000	268.0	
T	43.741580000	7.238605000	298.2	
T	43.728175000	7.237938000	274.9	
T	43.724102000	7.239450000	242.8	
T	43.723765000	7.239442000	238.1	
T	43.722202000	7.244843000	176.4	
T	43.715143000	7.246043000	102.0	
T	43.709065000	7.251990000	50.8	
T	43.709364000	7.253781000	42.4	
T	43.708298000	7.254592000	35.2	
T	43.706981000	7.255926000	27.3	
T	43.706986000	7.256050000	27.8	
T	43.706847000	7.256051000	27.1	
T	43.708198000	7.264959000	27.1	
T	43.706870000	7.266741000	22.8	
T	43.706547000	7.266953000	25.9	
T	43.706338000	7.266373000	26.7	
T	43.703952000	7.267860000	22.0	
T	43.703384000	7.266176000	19.6	
T	43.703095000	7.266102000	18.1	
